1 0 0 0
0 1 0 0
-0 0 1 0
0 0 0 0
   0.999885  -0.0142934 -0.00498178 -0.00137629
  0.0143473    0.999837   0.0109595   0.0491022
 0.00482432  -0.0110297    0.999927 -0.00401024
          0           0           0           0
   0.999833  -0.0171645 -0.00621787 -0.00420348
  0.0172584    0.999733   0.0153817    0.102444
 0.00595219  -0.0154865    0.999862   -0.013923
          0           0           0           0
   0.999799  -0.0189238 -0.00656409 0.000152366
  0.0190443    0.999642   0.0188041    0.149116
 0.00620589  -0.0189254    0.999802 -0.00139957
          0           0           0           0
    0.99984  -0.0175468 -0.00355087 0.000973049
  0.0176291    0.999541   0.0246322    0.199103
 0.00311703  -0.0246908     0.99969 -0.00696477
          0           0           0           0
     0.9998  -0.0190303 -0.00609223  0.00434514
  0.0192304    0.999214   0.0346613    0.240911
 0.00542783  -0.0347715     0.99938  0.00967992
          0           0           0           0
   0.999665  -0.0244039 -0.00865996  0.00261223
  0.0247543     0.99877   0.0429701     0.28799
 0.00760067  -0.0431701    0.999039 -0.00356366
          0           0           0           0
   0.999482  -0.0286841  -0.0145899 -0.00336073
  0.0293435    0.998454   0.0471962    0.338859
  0.0132135  -0.0475999    0.998779  -0.0128338
          0           0           0           0
  0.999364 -0.0298418 -0.0195025 -0.0121136
 0.0306714   0.998573  0.0437232   0.387017
 0.0181699 -0.0442936   0.998853 -0.0191312
         0          0          0          0
   0.99926 -0.0298805   -0.02422 -0.0194504
 0.0307351   0.998889   0.035716   0.431929
 0.0231258  -0.036434   0.999068 -0.0235301
         0          0          0          0
  0.999237 -0.0238582 -0.0309108 -0.0319033
 0.0243617   0.999575  0.0160152    0.48324
 0.0305156  -0.016756   0.999394 -0.0211704
         0          0          0          0
    0.999262   -0.0185954   -0.0336165   -0.0439598
   0.0185786     0.999827 -0.000810145     0.527842
   0.0336257  0.000184993     0.999434   -0.0291581
           0            0            0            0
   0.999209  -0.0112387  -0.0381351  -0.0568038
  0.0109279    0.999905 -0.00834791    0.577138
  0.0382253  0.00792457    0.999238  -0.0374385
          0           0           0           0
   0.999182 -0.00747852  -0.0397536   -0.061916
 0.00715215     0.99994 -0.00834593    0.619597
  0.0398136  0.00805477    0.999175   -0.037499
          0           0           0           0
   0.999237 -0.00196473  -0.0390035  -0.0695503
 0.00160355    0.999956 -0.00928951    0.666854
    0.03902  0.00921988    0.999196  -0.0304073
          0           0           0           0
  0.999206 0.00141701 -0.0398128 -0.0716007
-0.00182284   0.999947 -0.0101591   0.709211
 0.0397963  0.0102236   0.999155 -0.0220727
         0          0          0          0
  0.999043 0.00441813 -0.0435114 -0.0762708
-0.00486722   0.999936 -0.0102207   0.753522
 0.0434634  0.0104227      0.999  -0.029455
         0          0          0          0
  0.998715   0.010965 -0.0494828 -0.0818317
-0.0115209   0.999874 -0.0109642   0.801014
 0.0493563  0.0115202   0.998715   -0.03593
         0          0          0          0
  0.998255  0.0194308 -0.0557699 -0.0850355
 -0.020076   0.999738 -0.0110332   0.848005
 0.0555409  0.0121336   0.998382 -0.0227249
         0          0          0          0
  0.998165   0.023719 -0.0557206 -0.0842127
-0.0244861   0.999614 -0.0131246   0.892828
 0.0553878  0.0144649    0.99836 -0.0255285
         0          0          0          0
  0.998381  0.0236203 -0.0517521 -0.0804287
-0.0247262   0.999477 -0.0208353   0.935807
 0.0512329  0.0220812   0.998442 -0.0375595
         0          0          0          0
  0.998855  0.0212356  -0.042862 -0.0710247
-0.0227149   0.999153 -0.0343246   0.980991
 0.0420968  0.0352589   0.998491 -0.0539104
         0          0          0          0
  0.999249  0.0183194 -0.0341444  -0.059241
-0.0199679    0.99862 -0.0485811    1.03146
 0.0332073  0.0492264   0.998235  -0.058203
         0          0          0          0
  0.999479  0.0102829 -0.0305932 -0.0453061
-0.0120827   0.998171 -0.0592388    1.07583
 0.0299281  0.0595775   0.997775 -0.0696977
         0          0          0          0
  0.999629 0.00387816 -0.0269642 -0.0382268
-0.0053741   0.998437 -0.0556297    1.13091
 0.0267063  0.0557539   0.998087 -0.0649987
         0          0          0          0
  0.999523  -0.011299 -0.0287492 -0.0293715
0.00998541   0.998918 -0.0454332    1.18341
 0.0292314  0.0451244   0.998553 -0.0464697
         0          0          0          0
  0.999423 -0.0192539 -0.0279961 -0.0261631
 0.0182356   0.999179 -0.0361831    1.23431
 0.0286698  0.0356517   0.998953  -0.032221
         0          0          0          0
   0.999515  -0.0212969  -0.0227476  -0.0205323
  0.0206887    0.999431  -0.0266475     1.28498
  0.0233022   0.0261639    0.999386 -0.00913611
          0           0           0           0
   0.999666   -0.020749  -0.0154265  -0.0150515
  0.0204909     0.99965  -0.0167066     1.33547
  0.0157678   0.0163849    0.999741 -0.00194388
          0           0           0           0
   0.999703  -0.0223061 -0.00980935  -0.0112149
  0.0222667    0.999744 -0.00410887     1.38187
  0.0098985  0.00388922    0.999943  0.00358459
          0           0           0           0
   0.999464  -0.0319879 -0.00698669 -0.00727818
  0.0320303    0.999469  0.00604289     1.43394
 0.00678969 -0.00626344    0.999957  0.00154256
          0           0           0           0
   0.999212  -0.0391227 -0.00675448 -0.00872687
  0.0391953    0.999171    0.010964     1.47991
 0.00631995  -0.0112201    0.999917 -0.00612245
          0           0           0           0
   0.999318  -0.0360903 -0.00788392  -0.0148266
  0.0361548    0.999313  0.00820772     1.52732
  0.0075823 -0.00848717    0.999935  -0.0141716
          0           0           0           0
   0.999609  -0.0255544  -0.0113299  -0.0239637
  0.0255836     0.99967  0.00243896     1.57384
  0.0112638 -0.00272788    0.999933   -0.018826
          0           0           0           0
   0.999802 -0.00786774  -0.0182699  -0.0400836
 0.00773854    0.999945 -0.00713186      1.6236
   0.018325  0.00698905    0.999807  -0.0221843
          0           0           0           0
   0.99969 0.00644877 -0.0240683 -0.0555586
-0.00697223    0.99974  -0.021729    1.67044
 0.0239219    0.02189   0.999474 -0.0279473
         0          0          0          0
  0.999497  0.0142942 -0.0282978 -0.0713066
-0.0150628   0.999518 -0.0271356    1.71776
 0.0278963  0.0275482   0.999231 -0.0412025
         0          0          0          0
  0.999264  0.0219709 -0.0314328 -0.0818754
-0.0227168   0.999464  -0.023571    1.76481
 0.0308981  0.0242677   0.999228 -0.0258589
         0          0          0          0
  0.998959  0.0369877 -0.0266973 -0.0886014
-0.0374145   0.999177 -0.0156691    1.81492
 0.0260957  0.0166516   0.999521 -0.0200103
         0          0          0          0
   0.998481   0.0494421  -0.0243257  -0.0929989
 -0.0496478    0.998735 -0.00792451     1.86071
  0.0239032  0.00912018    0.999673 -0.00564087
          0           0           0           0
   0.998009   0.0578405  -0.0251657  -0.0960049
 -0.0578665    0.998324 -0.00030832     1.90845
  0.0251057  0.00176395    0.999683 -0.00760424
          0           0           0           0
   0.997231   0.0680041  -0.0301117   -0.101625
 -0.0678381    0.997675   0.0065016     1.95651
  0.0304839 -0.00444088    0.999525 -0.00932292
          0           0           0           0
   0.996639   0.0733367  -0.0364998   -0.108163
 -0.0729183    0.997258   0.0126667     2.00266
  0.0373286 -0.00996261    0.999253 -0.00170243
          0           0           0           0
   0.996386   0.0756167  -0.0386968   -0.109843
 -0.0750599    0.997056   0.0156463     2.04784
   0.039766  -0.0126852    0.999128 -0.00419011
          0           0           0           0
   0.996558   0.0736414   -0.038073   -0.107939
 -0.0731774    0.997228   0.0134399     2.09271
  0.0389572  -0.0106075    0.999184 -0.00725309
          0           0           0           0
   0.997312     0.06456  -0.0346623  -0.0991402
 -0.0644684    0.997913  0.00375715     2.13627
  0.0348325 -0.00151244    0.999392  -0.0088064
          0           0           0           0
  0.997944  0.0587161 -0.0257077 -0.0836752
-0.0590296   0.998189 -0.0116079    2.17474
 0.0249796  0.0131015   0.999602 0.00486579
         0          0          0          0
  0.997961  0.0627249 -0.0118233 -0.0692733
 -0.063023   0.997652 -0.0268029    2.21813
 0.0101143  0.0274934   0.999571 -0.0151526
         0          0          0          0
    0.99772    0.067465 -0.00173973  -0.0557407
 -0.0674853    0.997155  -0.0335793     2.26513
-0.000530641   0.0336202    0.999434   -0.023724
          0           0           0           0
    0.997853    0.0654861 -0.000843263   -0.0489642
  -0.0654803      0.99736   -0.0313919      2.31286
 -0.00121469    0.0313797     0.999507   -0.0176461
           0            0            0            0
   0.998557   0.0532876 -0.00668544  -0.0416663
 -0.0534389    0.998259  -0.0249745     2.35973
 0.00534297   0.0252957    0.999666 0.000818546
          0           0           0           0
   0.998807   0.0483051 -0.00711824  -0.0366008
 -0.0484415    0.998617  -0.0204345     2.40466
 0.00612131   0.0207549    0.999766   0.0107593
          0           0           0           0
    0.998902    0.0468396 -0.000914614   -0.0319304
  -0.0468485     0.998743   -0.0177974      2.44697
 7.98473e-05    0.0178207     0.999841    0.0173041
           0            0            0            0
  0.999008  0.0441443 0.00584098 -0.0259586
-0.0440651   0.998943  -0.013055    2.48945
-0.00641111  0.0127846   0.999898  0.0303656
         0          0          0          0
   0.999101   0.0410004    0.010815  -0.0206635
 -0.0408979    0.999118 -0.00953751     2.53313
 -0.0111965   0.0090866    0.999896   0.0269259
          0           0           0           0
   0.999161   0.0386793   0.0134779    -0.01826
 -0.0386081    0.999239 -0.00550139     2.57646
 -0.0136804   0.0049764    0.999894   0.0191769
          0           0           0           0
   0.999223   0.0371929   0.0130434  -0.0174469
 -0.0371486    0.999303 -0.00362211     2.62026
  -0.013169  0.00313473    0.999908   0.0129262
          0           0           0           0
   0.999294   0.0356619   0.0118182  -0.0196878
 -0.0355884    0.999346 -0.00637096     2.66539
 -0.0120376  0.00594585     0.99991  0.00221355
          0           0           0           0
   0.999399   0.0343046  0.00505574  -0.0260323
 -0.0342346    0.999325  -0.0133455     2.71016
-0.00551013   0.0131643    0.999898 -0.00719275
          0           0           0           0
   0.999078   0.0427262  -0.0040762  -0.0362952
 -0.0428323      0.9986  -0.0310408     2.75384
 0.00274425   0.0311867     0.99951 -0.00985471
          0           0           0           0
   0.998281   0.0580174 -0.00825661  -0.0517147
 -0.0583958    0.996654  -0.0571903     2.79416
 0.00491096   0.0575741    0.998329 -0.00740228
          0           0           0           0
   0.997405   0.0717764 -0.00560419  -0.0597779
 -0.0719928     0.99494   -0.070084     2.83743
0.000545465   0.0703055    0.997525  -0.0268237
          0           0           0           0
    0.99612   0.0880092 0.000423919  -0.0669369
 -0.0877577    0.993614  -0.0709143     2.88424
-0.00666231   0.0706019    0.997482  -0.0252823
          0           0           0           0
  0.995046   0.099199 0.00651123 -0.0696194
-0.0985302   0.992804 -0.0680524    2.93037
-0.0132151  0.0670737    0.99766 -0.0117903
         0          0          0          0
   0.994515    0.104117  0.00996969  -0.0675443
  -0.103251    0.992506  -0.0653476     2.96933
 -0.0166987   0.0639598    0.997813 -0.00130031
          0           0           0           0
  0.991929   0.125815  0.0157595 -0.0647798
 -0.124598   0.990212 -0.0628895    3.00949
-0.0235177  0.0604183   0.997896 0.00289992
         0          0          0          0
  0.988867   0.147361  0.0206686  -0.065921
 -0.145912     0.9875 -0.0596092    3.05481
-0.0291943  0.0559297   0.998008  0.0106439
         0          0          0          0
  0.988853   0.147559  0.0198951 -0.0640358
 -0.146327   0.987794 -0.0533903    3.09719
-0.0275305   0.049884   0.998375 0.00546447
         0          0          0          0
  0.990293   0.138243  0.0144566 -0.0645187
 -0.137601   0.989735 -0.0386035    3.15157
-0.0196449  0.0362395    0.99915  0.0136965
         0          0          0          0
  0.992634   0.120871 0.00821014 -0.0634124
 -0.120654   0.992423 -0.0232182    3.20403
-0.0109543  0.0220566   0.999697 0.00897255
         0          0          0          0
  0.993906   0.110196 0.00283136 -0.0517616
 -0.110134   0.993774 -0.0168625    3.25164
-0.0046719  0.0164479   0.999854  0.0140201
         0          0          0          0
  0.993227   0.116123 0.00387118 -0.0446558
 -0.115997   0.992956 -0.0241404    3.29931
-0.00664717  0.0235278   0.999701  0.0110503
         0          0          0          0
   0.993037    0.117657  0.00580275  -0.0349349
  -0.117331    0.992274  -0.0403294     3.33818
 -0.0105029   0.0393677     0.99917 -0.00302266
          0           0           0           0
  0.992914   0.118321  0.0110175 -0.0204597
 -0.117639   0.991813 -0.0496811    3.37898
-0.0168056  0.0480329   0.998704 -0.0279393
         0          0          0          0
  0.992638   0.120452  0.0127317 -0.0154033
 -0.119801   0.991854 -0.0432887    3.42878
-0.0178422  0.0414447   0.998981 -0.0231787
         0          0          0          0
   0.994713    0.102129   0.0108091  -0.0077275
  -0.101777    0.994378  -0.0292185     3.47654
 -0.0137324   0.0279639    0.999515 -0.00729484
          0           0           0           0
  0.996036  0.0884096 0.00981401 0.00440109
-0.0882359   0.995956  -0.016915    3.52478
-0.0112698   0.015982   0.999809  0.0144295
         0          0          0          0
  0.996487  0.0829332  0.0116296  0.0114757
-0.0828074   0.996506 -0.0109102    3.56578
-0.0124937 0.00990881   0.999873  0.0274254
         0          0          0          0
  0.996895  0.0777597  0.0124452  0.0164168
-0.0777202   0.996968 -0.0036336    3.60798
  -0.01269 0.00265505   0.999916  0.0279204
         0          0          0          0
   0.997319   0.0725987  0.00923126   0.0186772
 -0.0726383     0.99735  0.00402368     3.64996
-0.00891468 -0.00468346    0.999949   0.0257383
          0           0           0           0
  0.997691  0.0677264 0.00513326   0.020074
-0.0677813   0.997635  0.0113919    3.69386
-0.00434958 -0.0117136   0.999922  0.0212485
         0          0          0          0
   0.997864   0.0653157 0.000891386   0.0194752
 -0.0653214    0.997717   0.0171191     3.74077
0.000228795  -0.0171408    0.999853   0.0188464
          0           0           0           0
   0.997833   0.0656467 -0.00445321     0.01586
 -0.0655591    0.997694   0.0175768     3.78719
  0.0055968  -0.0172468    0.999835   0.0156767
          0           0           0           0
    0.99766    0.067733 -0.00927749   0.0103306
 -0.0676092    0.997626   0.0130641     3.83271
  0.0101403  -0.0124063    0.999871   0.0072976
          0           0           0           0
   0.997347   0.0713111  -0.0146378  0.00497055
 -0.0712365    0.997444  0.00556133      3.8799
  0.0149969 -0.00450385    0.999877  0.00388875
          0           0           0           0
   0.996949   0.0757744  -0.0187561 -0.00711994
 -0.0759518    0.997071  -0.0089294     3.92047
  0.0180245   0.0103267    0.999784  0.00905876
          0           0           0           0
  0.996696  0.0782459 -0.0217901 -0.0155641
-0.0787474   0.996625 -0.0231942    3.96145
 0.0199017  0.0248334   0.999493  0.0125593
         0          0          0          0
   0.996406   0.0822837  -0.0201124  -0.0243774
   -0.08283    0.996169  -0.0280274     4.00488
  0.0177292   0.0295926    0.999405 0.000868947
          0           0           0           0
     0.996  0.0875132 -0.0180269 -0.0276271
-0.0879644   0.995785 -0.0259745    4.04934
 0.0156778  0.0274563     0.9995 0.00699456
         0          0          0          0
  0.995679  0.0914943 -0.0158909 -0.0337673
-0.0918413   0.995515 -0.0226791    4.09365
 0.0137446  0.0240405   0.999616  0.0197088
         0          0          0          0
  0.995888  0.0890721 -0.0165247 -0.0361047
-0.0893764   0.995822 -0.0186944    4.13588
 0.0147906  0.0200944   0.999688  0.0272838
         0          0          0          0
   0.99604  0.0868288 -0.0190939 -0.0373319
-0.0870721   0.996126 -0.0123032     4.1767
 0.0179516  0.0139169   0.999742  0.0302525
         0          0          0          0
   0.995933    0.087328  -0.0221795  -0.0387166
 -0.0874673    0.996153 -0.00538562     4.21831
  0.0216238  0.00730366    0.999739   0.0299441
          0           0           0           0
   0.995856    0.087671   -0.024199  -0.0386458
 -0.0876868    0.996148 0.000408123     4.26236
  0.0241416  0.00171548    0.999707   0.0275664
          0           0           0           0
    0.99585    0.087875  -0.0236919  -0.0361458
 -0.0878013    0.996129  0.00413445     4.30796
  0.0239635 -0.00203714    0.999711   0.0265379
          0           0           0           0
  0.996085  0.0856557 -0.0218762 -0.0304689
-0.0855937   0.996323 0.00375694    4.35202
 0.0221175 -0.0018698   0.999753   0.030261
         0          0          0          0
  0.996454  0.0826105 -0.0159926 -0.0193528
-0.0826641   0.996574 -0.0027189      4.392
 0.0157132 0.00403124   0.999868  0.0243043
         0          0          0          0
   0.996444   0.0839226 -0.00752323 -0.00821181
 -0.0840307    0.996343  -0.0154451     4.43301
 0.00619952   0.0160223    0.999852   0.0212063
          0           0           0           0
    0.996613    0.0821412   -0.0040111 -0.000370475
  -0.0822292     0.996064   -0.0330952      4.47232
  0.00127683    0.0333129     0.999444   0.00567693
           0            0            0            0
   0.997245   0.0740382 -0.00459289  0.00841343
 -0.0741744    0.996044  -0.0489292     4.51368
0.000952085    0.049135    0.998792  -0.0176306
          0           0           0           0
  0.997095  0.0761688 -0.0002806  0.0177199
-0.0760852   0.995814 -0.0506432    4.56047
-0.00357801  0.0505174   0.998717 -0.0203405
         0          0          0          0
   0.997464   0.0711083 -0.00293553   0.0217477
 -0.0711681    0.996401  -0.0460439     4.60586
-0.000349149   0.0461361    0.998935   -0.010835
          0           0           0           0
   0.997893   0.0643916 -0.00792481    0.029945
 -0.0646542    0.997137  -0.0392026     4.65049
  0.0053778   0.0396323      0.9992  0.00203867
          0           0           0           0
    0.99772   0.0670762 -0.00743507   0.0364999
 -0.0672914    0.997155   -0.033975     4.69344
 0.00513499   0.0343979    0.999395   0.0205057
          0           0           0           0
   0.997212   0.0745356 -0.00342388   0.0432721
 -0.0746058     0.99674  -0.0307169     4.73073
 0.00112321   0.0308867    0.999522   0.0357147
          0           0           0           0
   0.996539   0.0831282 0.000336756   0.0490665
 -0.0830862    0.996149  -0.0279931     4.77044
-0.00266248   0.0278682    0.999608   0.0329723
          0           0           0           0
    0.995879    0.0906926 -0.000313268    0.0504643
  -0.0906748     0.995602   -0.0235271      4.81184
 -0.00182185    0.0234586     0.999723    0.0355075
           0            0            0            0
   0.995414   0.0956399 -0.00204125   0.0485489
 -0.0956607    0.995271  -0.0168373     4.85531
0.000421271   0.0169554    0.999856   0.0256281
          0           0           0           0
    0.99448    0.104617 -0.00810001    0.045013
  -0.104715     0.99442  -0.0127757     4.89938
 0.00671826   0.0135533    0.999885   0.0205822
          0           0           0           0
  0.992825   0.118347 -0.0171057  0.0386457
 -0.118552   0.992881 -0.0115154    4.94484
 0.0156211  0.0134607   0.999787  0.0148533
         0          0          0          0
   0.990515    0.134701  -0.0271268   0.0281942
  -0.135062    0.990765  -0.0119418     4.98898
  0.0252677   0.0154923     0.99956 0.000629398
          0           0           0           0
  0.987661   0.152019 -0.0376243  0.0136959
  -0.15275   0.988112 -0.0173729    5.03499
  0.034536  0.0229057   0.999141 0.00565729
         0          0          0          0
    0.985728     0.162853    -0.042646 -4.99968e-05
   -0.163959     0.986179   -0.0238331      5.08047
   0.0381753    0.0304851     0.998806  -0.00822319
           0            0            0            0
   0.984335    0.170062  -0.0465188  -0.0109182
  -0.171213    0.984989   -0.021962     5.12894
  0.0420856   0.0295826    0.998676 -0.00575904
          0           0           0           0
  0.983692   0.173834 -0.0461785 -0.0115123
  -0.17466   0.984522 -0.0144762    5.17436
 0.0429473  0.0223057   0.998828 0.00564078
         0          0          0          0
   0.981528    0.186259  -0.0436996  -0.0127256
  -0.186678    0.982405 -0.00568054     5.22131
  0.0418726   0.0137333    0.999028   0.0127301
          0           0           0           0
  0.980011   0.194369 -0.0424146 -0.0195743
 -0.194489   0.980904 0.00130756    5.26096
 0.0418587 0.00696774   0.999099  0.0291953
         0          0          0          0
  0.980159   0.193831 -0.0414524 -0.0224891
 -0.193771   0.981031 0.00550704    5.29839
 0.0417336 0.00263448   0.999125  0.0317599
         0          0          0          0
   0.980755    0.190578   -0.042422  -0.0229292
  -0.190339    0.981671  0.00965458     5.33464
  0.0434844 -0.00139424    0.999053   0.0382125
          0           0           0           0
  0.980828    0.19012 -0.0427889 -0.0170464
 -0.189717   0.981748  0.0133153    5.37212
 0.0445394 -0.0049422   0.998995  0.0439784
         0          0          0          0
   0.980821    0.190057  -0.0432196  -0.0169533
  -0.189477    0.981735   0.0171629      5.4056
  0.0456921 -0.00864468    0.998918   0.0440726
          0           0           0           0
   0.981494    0.186487  -0.0434874  -0.0120635
  -0.185872    0.982412   0.0178177     5.43712
  0.0460453 -0.00940488    0.998895   0.0469191
          0           0           0           0
   0.982376    0.182177  -0.0418315 -0.00510479
  -0.181702     0.98324   0.0149297     5.47184
  0.0438502 -0.00706578    0.999013    0.048145
          0           0           0           0
    0.983515     0.176715   -0.0383327   0.00460392
   -0.176574     0.984262   0.00705757      5.50431
   0.0389766 -0.000172676      0.99924    0.0451393
           0            0            0            0
   0.984545    0.172403  -0.0308137   0.0206095
  -0.172656    0.984965 -0.00572677     5.53465
  0.0293631   0.0109584    0.999508   0.0416574
          0           0           0           0
  0.984906   0.171478 -0.0235932  0.0370148
 -0.172022   0.984816 -0.0233557    5.56498
   0.01923  0.0270616   0.999448  0.0511871
         0          0          0          0
  0.985354   0.169626 -0.0174388  0.0527314
 -0.170273   0.984267 -0.0471784    5.59429
0.00916182  0.0494567   0.998734  0.0288527
         0          0          0          0
  0.984582   0.174553 -0.0113529  0.0712981
  -0.17492    0.98279 -0.0593939    5.63146
0.000790153   0.060464    0.99817  0.0297176
         0          0          0          0
   0.985218    0.171139 -0.00753402   0.0761453
  -0.171278    0.983325  -0.0611126     5.66919
-0.00305036   0.0614997    0.998102  0.00629693
          0           0           0           0
   0.988424    0.151237  -0.0120907   0.0835992
  -0.151673    0.986954  -0.0540062     5.70929
  0.0037652   0.0552148    0.998467 0.000418832
          0           0           0           0
  0.991131   0.131685 -0.0178772  0.0956494
 -0.132367   0.990189   -0.04476    5.74902
 0.0118076  0.0467294   0.998837   0.019793
         0          0          0          0
  0.992472   0.121241 -0.0173117   0.107451
 -0.121838   0.991781 -0.0390527    5.78263
 0.0124346  0.0408679   0.999087  0.0359259
         0          0          0          0
  0.993077     0.1165  -0.015037   0.119247
 -0.116967   0.992509 -0.0352706    5.81371
 0.0108153  0.0367853   0.999264  0.0478269
         0          0          0          0
  0.993656   0.111566 -0.0141719   0.126827
 -0.111947   0.993271 -0.0296762     5.8503
 0.0107657  0.0310744   0.999459  0.0465437
         0          0          0          0
  0.994313   0.105368 -0.0154578   0.131775
 -0.105672   0.994192 -0.0203549     5.8867
 0.0132233  0.0218726   0.999673  0.0550074
         0          0          0          0
    0.99475    0.100699  -0.0182293    0.138808
  -0.100874    0.994858 -0.00898918     5.92707
  0.0172303   0.0107808    0.999793   0.0610645
          0           0           0           0
   0.995063   0.0971806  -0.0201607    0.142385
 -0.0971614    0.995267   0.0019385     5.97004
  0.0202537 2.98933e-05    0.999794   0.0595349
          0           0           0           0
   0.995079    0.096936  -0.0205164    0.148169
 -0.0968098    0.995278  0.00706351     6.01332
  0.0211042 -0.00504259    0.999764   0.0501603
          0           0           0           0
   0.994712    0.100161  -0.0227352    0.149455
 -0.0999624    0.994944  0.00970739     6.05685
  0.0235926 -0.00738341    0.999694   0.0409766
          0           0           0           0
   0.993901    0.107423  -0.0249193    0.152557
  -0.107164    0.994175   0.0115021     6.09839
  0.0260097 -0.00876148    0.999623   0.0252731
          0           0           0           0
   0.992657    0.116896  -0.0311259    0.148429
  -0.116695    0.993134  0.00819989     6.14209
  0.0318707 -0.00450747    0.999481   0.0307391
          0           0           0           0
  0.991429   0.125194 -0.0373656   0.147027
 -0.125229   0.992127 0.00141523    6.18734
 0.0372486 0.00327612     0.9993   0.034794
         0          0          0          0
       0.99    0.133235    -0.04635    0.137124
  -0.133525     0.99104 -0.00319987     6.23237
  0.0455084  0.00935672     0.99892   0.0257064
          0           0           0           0
    0.98983    0.133154  -0.0500628    0.133487
  -0.133739     0.99098 -0.00851756     6.27245
  0.0484771   0.0151263    0.998709   0.0233139
          0           0           0           0
  0.987986   0.147143 -0.0472551   0.144657
 -0.147776   0.988968  -0.010176    6.31315
 0.0452365  0.0170369   0.998831  0.0348712
         0          0          0          0
  0.986229   0.159729 -0.0428887   0.137886
 -0.160217   0.987048 -0.0081852    6.35424
 0.0410258   0.014944   0.999046  0.0471253
         0          0          0          0
   0.985739    0.162783  -0.0426783    0.135916
  -0.163208    0.986569 -0.00664097     6.39352
   0.041024   0.0135117    0.999066   0.0487132
          0           0           0           0
  0.985336   0.164394 -0.0456949   0.137605
 -0.164821   0.986307 -0.0057063    6.43064
 0.0441311  0.0131541   0.998939  0.0471279
         0          0          0          0
   0.985053    0.165615  -0.0473591    0.138271
  -0.165981    0.986121 -0.00387033     6.46759
  0.0460608   0.0116731     0.99887   0.0416083
          0           0           0           0
   0.984826    0.165971  -0.0507176    0.138564
  -0.166184    0.986095 3.04533e-05     6.50645
  0.0500174  0.00839842    0.998713   0.0344817
          0           0           0           0
  0.985346   0.161676  -0.054358   0.140077
 -0.161768   0.986825 0.00273199    6.54453
 0.0540835 0.00610143   0.998517  0.0395369
         0          0          0          0
  0.986282   0.155582   -0.05516   0.146426
 -0.155682   0.987804 0.00250429    6.58184
 0.0548769 0.00611744   0.998474  0.0423544
         0          0          0          0
   0.987861    0.145855   -0.053451    0.152686
  -0.146203    0.989251 -0.00264711     6.61743
  0.0524903   0.0104296    0.998567   0.0431707
          0           0           0           0
   0.98986   0.133524 -0.0484731   0.167043
 -0.134221   0.990886 -0.0113996    6.65383
 0.0465092  0.0177901   0.998759  0.0426165
         0          0          0          0
  0.991698   0.121412 -0.0423665   0.181915
 -0.122586   0.992109 -0.0263168    6.69047
  0.038837  0.0312918   0.998755  0.0634949
         0          0          0          0
  0.993267   0.110112 -0.0360089   0.203211
 -0.111624   0.992815 -0.0431023    6.72965
 0.0310041  0.0468315   0.998421   0.052407
         0          0          0          0
  0.993988   0.106059 -0.0271909   0.218343
 -0.107361   0.992859 -0.0520011    6.77105
 0.0214815  0.0546076   0.998276  0.0415732
         0          0          0          0
  0.995146  0.0949162 -0.0259846   0.224717
-0.0961667   0.994002 -0.0520678    6.80964
 0.0208866  0.0543138   0.998305  0.0355927
         0          0          0          0
  0.996451  0.0781866 -0.0311931   0.234364
 -0.079603   0.995714 -0.0470928    6.85215
 0.0273773  0.0494087   0.998403  0.0315809
         0          0          0          0
  0.996987  0.0689091 -0.0356199   0.243441
-0.0704114   0.996599 -0.0427982    6.89117
 0.0325495  0.0451773   0.998448  0.0431064
         0          0          0          0
  0.997219  0.0658765 -0.0348421   0.252132
-0.0672996   0.996874 -0.0413815    6.92991
 0.0320071  0.0436113   0.998535  0.0537674
         0          0          0          0
  0.997228  0.0666961 -0.0329763   0.259448
-0.0679736   0.996914 -0.0392651    6.96792
 0.0302557  0.0413977   0.998684  0.0550623
         0          0          0          0
  0.997148  0.0676993 -0.0333615   0.260572
-0.0687349   0.997155 -0.0309372    7.00782
 0.0311721   0.033142   0.998964  0.0368149
         0          0          0          0
  0.997259  0.0629657 -0.0388496   0.256175
-0.0638062   0.997746 -0.0207838    7.05104
 0.0374534  0.0232056   0.999029  0.0357124
         0          0          0          0
  0.997362  0.0560574 -0.0461301   0.255816
-0.0566366    0.99833 -0.0113441    7.09658
 0.0454172  0.0139268   0.998871  0.0216099
         0          0          0          0
   0.997067   0.0548698    -0.05336    0.255809
 -0.0552073    0.998463 -0.00486862     7.14156
  0.0530109  0.00780016    0.998563   0.0334289
          0           0           0           0
   0.996632   0.0622722   -0.053367    0.258901
 -0.0623282    0.998055 0.000617963     7.18714
  0.0533017  0.00271035    0.998575   0.0226524
          0           0           0           0
    0.99531    0.077833  -0.0574465     0.25576
 -0.0777108    0.996966  0.00436259     7.23315
  0.0576118 0.000122049    0.998339   0.0337826
          0           0           0           0
   0.993237   0.0951691  -0.0665067    0.245201
 -0.0954735    0.995431 -0.00140491     7.27634
  0.0660692    0.007745    0.997785   0.0367082
          0           0           0           0
   0.990735    0.112121  -0.0766438    0.231769
  -0.112938    0.993581 -0.00639442     7.32068
  0.0754349   0.0149911    0.997038   0.0108669
          0           0           0           0
   0.988566    0.121699  -0.0890362    0.210364
   -0.12246    0.992469 -0.00311378      7.3662
  0.0879867   0.0139815    0.996023   0.0109245
          0           0           0           0
   0.98818    0.11959 -0.0959147   0.203418
 -0.119549   0.992809 0.00618915    7.41261
 0.0959651 0.00535051    0.99537  0.0182588
         0          0          0          0
   0.986474    0.132397  -0.0966447    0.209048
  -0.131522    0.991194      0.0154     7.45989
  0.0978325 -0.00248082      0.9952   0.0402885
          0           0           0           0
   0.985829    0.141878  -0.0895093     0.19974
  -0.140604    0.989855   0.0204147     7.49869
  0.0914977 -0.00754007    0.995777   0.0580876
          0           0           0           0
  0.987114   0.137261 -0.0822523   0.202185
 -0.135912   0.990481  0.0218028     7.5326
  0.084462 -0.0103428   0.996373  0.0637085
         0          0          0          0
  0.988117   0.132554  -0.077815   0.208253
 -0.131077   0.991086  0.0238186    7.56982
 0.0802786 -0.0133359   0.996683  0.0664072
         0          0          0          0
  0.989018    0.12753 -0.0746958   0.211148
 -0.125673   0.991645  0.0290825    7.60977
 0.0777806 -0.0193759   0.996782  0.0571216
         0          0          0          0
  0.989905   0.121409 -0.0731387   0.215344
 -0.119041   0.992239  0.0359262    7.64853
 0.0769328  -0.026857   0.996674  0.0582123
         0          0          0          0
  0.991168   0.112557 -0.0701299   0.220441
 -0.110004   0.993155  0.0392643    7.68807
 0.0740693  -0.031203   0.996765  0.0626371
         0          0          0          0
  0.992436   0.104523 -0.0643966   0.231727
  -0.10227   0.994055   0.037359    7.72432
 0.0679186 -0.0304906   0.997225  0.0659185
         0          0          0          0
   0.99363  0.0984755 -0.0547891    0.24545
-0.0971108   0.994906  0.0270434    7.76131
 0.0571731 -0.0215506   0.998131  0.0706301
         0          0          0          0
  0.994279  0.0975011 -0.0436183   0.262566
-0.0969463   0.995182  0.0146647    7.79712
  0.044838 -0.0103522    0.99894  0.0744201
         0          0          0          0
    0.994728    0.0958174   -0.0365468     0.275518
   -0.095913     0.995389 -0.000866134      7.83577
   0.0362953   0.00436683     0.999331    0.0621636
           0            0            0            0
  0.994534   0.100049 -0.0298965    0.29049
 -0.100445    0.99487 -0.0120319    7.88223
 0.0285393   0.014969    0.99948  0.0542174
         0          0          0          0
  0.994811  0.0979553 -0.0275149   0.286522
-0.0983891   0.995037 -0.0148728    7.92094
 0.0259215  0.0175028   0.999511  0.0499496
         0          0          0          0
   0.996467   0.0774787  -0.0324176    0.291703
 -0.0777995    0.996931 -0.00875016     7.96316
  0.0316401   0.0112413    0.999436   0.0402168
          0           0           0           0
    0.997807    0.0569638   -0.0337158     0.299252
   -0.057014     0.998373 -0.000527173      8.00632
   0.0336309   0.00244825     0.999431    0.0660447
           0            0            0            0
   0.998838   0.0389665  -0.0283844    0.313903
 -0.0388268    0.999231  0.00545637     8.05261
  0.0285752 -0.00434799    0.999582   0.0956673
          0           0           0           0
  0.999468  0.0256992 -0.0201162    0.32533
-0.0254624   0.999604  0.0119464    8.09281
 0.0204153 -0.0114278   0.999726  0.0965013
         0          0          0          0
  0.999796  0.0131461 -0.0153729   0.331497
-0.0128404   0.999721  0.0198247    8.13291
 0.0156292 -0.0196233   0.999685  0.0866131
         0          0          0          0
   0.999906 -0.00191413  -0.0135808    0.332958
 0.00233779    0.999509   0.0312556     8.17704
  0.0135143  -0.0312844    0.999419   0.0738034
          0           0           0           0
    0.9997  -0.017867 -0.0167995   0.332107
 0.0186177   0.998784  0.0456523    8.22322
 0.0159634 -0.0459514   0.998816  0.0560468
         0          0          0          0
  0.999314  -0.029582 -0.0223191   0.327321
 0.0307953   0.997948  0.0561388    8.27062
 0.0206126 -0.0567876   0.998173  0.0672687
         0          0          0          0
  0.999002 -0.0365859 -0.0256267   0.317867
 0.0381525   0.997247  0.0635802     8.3182
   0.02323 -0.0644945   0.997648   0.063147
         0          0          0          0
  0.998796  -0.038867 -0.0299486   0.311496
 0.0407887   0.996954  0.0664827    8.36688
 0.0272734 -0.0676242   0.997338  0.0601911
         0          0          0          0
  0.998796 -0.0351896 -0.0341889   0.297267
 0.0371809   0.997537  0.0594745    8.41001
 0.0320118 -0.0606741   0.997644  0.0657343
         0          0          0          0
  0.998677    -0.0372 -0.0355131   0.281862
 0.0388289   0.998171  0.0463419    8.44774
 0.0337242 -0.0476595   0.998294  0.0598378
         0          0          0          0
  0.998288  -0.044107 -0.0384124   0.264356
  0.045641   0.998156  0.0400203    8.48909
 0.0365764  -0.041705    0.99846   0.058613
         0          0          0          0
  0.997732 -0.0560819 -0.0372188   0.258734
  0.057513     0.9976  0.0385686    8.53013
 0.0349665 -0.0406218   0.998562  0.0593617
         0          0          0          0
   0.99756 -0.0611199 -0.0337595   0.251978
 0.0623846   0.997337  0.0377792    8.57023
 0.0313605 -0.0397931   0.998716  0.0777783
         0          0          0          0
  0.997163 -0.0695472 -0.0288086     0.2485
 0.0705521   0.996877  0.0354781    8.60435
 0.0262512   -0.03741   0.998955  0.0876172
         0          0          0          0
  0.996316 -0.0817294 -0.0260014   0.249843
 0.0825743   0.996029   0.033279    8.64102
 0.0231783 -0.0353035   0.999108  0.0932599
         0          0          0          0
  0.995429 -0.0922759 -0.0246226   0.247208
 0.0930472   0.995138  0.0322792    8.67791
 0.0215243 -0.0344228   0.999175  0.0886953
         0          0          0          0
  0.994635   -0.10027 -0.0254482   0.246127
  0.101061   0.994366  0.0319835    8.71576
 0.0220978 -0.0343837   0.999164  0.0894497
         0          0          0          0
   0.99397  -0.106876  -0.024542    0.24451
  0.107617   0.993703    0.03119    8.75471
  0.021054 -0.0336431   0.999212  0.0909997
         0          0          0          0
  0.993531  -0.111859  -0.019582   0.245585
  0.112377   0.993279   0.027721    8.79578
 0.0163496 -0.0297423   0.999424  0.0865171
         0          0          0          0
  0.992758  -0.119152 -0.0153181   0.247808
  0.119451   0.992631  0.0203841    8.83488
 0.0127764 -0.0220663   0.999675  0.0851913
         0          0          0          0
  0.991909  -0.126479 -0.0109341   0.255154
  0.126611   0.991876   0.012342    8.87918
0.00928424 -0.0136265   0.999864  0.0830359
         0          0          0          0
   0.991247   -0.131878 -0.00618357    0.259435
   0.131888    0.991264  0.00129737     8.91954
 0.00595845  -0.0021016     0.99998   0.0694071
          0           0           0           0
   0.990258    -0.13904 -0.00763202    0.263668
   0.138947    0.990232  -0.0115677     8.96952
 0.00916585   0.0103945    0.999904   0.0520303
          0           0           0           0
   0.990214   -0.139247 -0.00935159    0.261501
   0.139094     0.99016  -0.0153322     9.01614
  0.0113945   0.0138813    0.999839   0.0457014
          0           0           0           0
  0.988167  -0.152624 -0.0152161   0.258809
  0.152461   0.988244 -0.0113598    9.05707
  0.016771 0.00890545   0.999819  0.0427671
         0          0          0          0
   0.984444   -0.174478  -0.0206741    0.260564
    0.17441     0.98466 -0.00506797     9.10771
  0.0212412  0.00138333    0.999773   0.0403156
          0           0           0           0
    0.981496    -0.190453    -0.019871     0.264056
    0.190477     0.981692 -0.000660122      9.15015
   0.0196329  -0.00313712     0.999802    0.0649706
           0            0            0            0
   0.979626   -0.200282  -0.0148899    0.268915
   0.200321     0.97973  0.00118303     9.19288
  0.0143511 -0.00414173    0.999888   0.0780775
          0           0           0           0
   0.978585   -0.205583  -0.0103556    0.271712
   0.205645    0.978612  0.00529832     9.23304
 0.00904487 -0.00731448    0.999932   0.0825242
          0           0           0           0
   0.977701     -0.2099 -0.00650752    0.270802
   0.209968    0.977628   0.0125709     9.27656
  0.0037233   -0.013657      0.9999   0.0819188
          0           0           0           0
